0 0 star 30.0 red 1.98892e+30 345275.2493081463 24791662.5685958 -0.06804592882722019 -0.08656495131056655
1 0 planet 5.0 green 5.974e+24 34647732029.82033 -35866974733.17117 22654.48757332334 44580.01388694547
0 30 star 30.0 red 1.98892e+30 345273.93900936993 24791660.90159776 -0.06804378613129294 -0.08656717096257732
1 30 planet 5.0 green 5.974e+24 34648168266.7541 -35866116254.9873 22653.7742069384 44580.75287427008
0 49 star 30.0 red 1.98892e+30 345272.3703258302 24791658.905739024 -0.06804122072823249 -0.08656982840645278
1 49 planet 5.0 green 5.974e+24 34648690527.56192 -35865088429.79024 22652.9201089379 44581.63761536027
0 72 star 30.0 red 1.98892e+30 345270.8096820726 24791656.919974282 -0.06803866828127257 -0.0865724723138212
1 72 planet 5.0 green 5.974e+24 34649210111.69019 -35864065813.828804 22652.070324403667 44582.51784974983
0 95 star 30.0 red 1.98892e+30 345269.2014666212 24791654.873535752 -0.06803603782994869 -0.08657519690214698
1 95 planet 5.0 green 5.974e+24 34649745533.83208 -35863011964.20498 22651.194569926414 44583.42494519892
0 119 star 30.0 red 1.98892e+30 345267.55516172544 24791652.778478354 -0.06803334486749305 -0.08657798611370687
1 119 planet 5.0 green 5.974e+24 34650293637.06832 -35861933089.725464 22650.298003658037 44584.35355562004
0 143 star 30.0 red 1.98892e+30 345265.9129016339 24791650.6884186 -0.06803065830890409 -0.08658076856485393
1 143 planet 5.0 green 5.974e+24 34650840393.67049 -35860856801.068306 22649.403569424903 44585.279915301224
0 167 star 30.0 red 1.98892e+30 345264.23437412543 24791648.552045885 -0.06802791220144994 -0.08658361256019505
1 167 planet 5.0 green 5.974e+24 34651399224.76056 -35859756676.05048 22648.489309626155 44586.226764851584
0 192 star 30.0 red 1.98892e+30 345262.60365256644 24791646.476371314 -0.06802524409319828 -0.08658637564669742
1 192 planet 5.0 green 5.974e+24 34651942139.84644 -35858687819.594185 22647.60101805202 44587.146677474004
0 216 star 30.0 red 1.98892e+30 345260.8884327935 24791644.292979274 -0.06802243750714489 -0.08658928200836882
1 216 planet 5.0 green 5.974e+24 34652513186.86868 -35857563507.99829 22646.6666231519 44588.11429060683
0 241 star 30.0 red 1.98892e+30 345259.3022032812 24791642.273645878 -0.06801984177959325 -0.08659196988689018
1 241 planet 5.0 green 5.974e+24 34653041289.24591 -35856523687.84568 22645.802429237938 44589.00916428421
0 264 star 30.0 red 1.98892e+30 345257.6390146568 24791640.15618682 -0.06801711990232424 -0.08659478826894318
1 264 planet 5.0 green 5.974e+24 34653595013.57113 -35855433352.15477 22644.896236379238 44589.94748641893
0 289 star 30.0 red 1.98892e+30 345255.8623814147 24791637.894122414 -0.06801421212757622 -0.0865977989999113
1 289 planet 5.0 green 5.974e+24 34654186506.94037 -35854268569.65834 22643.92815279172 44590.949847154974
0 315 star 30.0 red 1.98892e+30 345250.2414272468 24791630.73559391 -0.06800501080318591 -0.08660732564572805
1 315 planet 5.0 green 5.974e+24 34656057887.61725 -35850582642.541855 22640.864761746125 44594.121547255054
0 398 star 30.0 red 1.98892e+30 345248.6196934696 24791628.670099538 -0.06800235561347483 -0.08661007428130363
1 398 planet 5.0 green 5.974e+24 34656597810.40668 -35849519131.18885 22639.98077113344 44595.036648739646
0 421 star 30.0 red 1.98892e+30 345246.9018482187 24791626.48203032 -0.06799954283879533 -0.08661298591615998
1 421 planet 5.0 green 5.974e+24 34657169731.52761 -35848392520.127235 22639.04431585799 44596.006017470565
0 447 star 30.0 red 1.98892e+30 345245.25617490354 24791624.385738004 -0.06799684801920626 -0.08661577531653923
1 447 planet 5.0 green 5.974e+24 34657717624.49211 -35847313176.194466 22638.14713129537 44596.93469075518
0 471 star 30.0 red 1.98892e+30 345243.4475171361 24791622.081650846 -0.06799388606334121 -0.08661884108823256
1 471 planet 5.0 green 5.974e+24 34658319779.766106 -35846126857.20207 22637.161009223208 44597.955376164675
0 498 star 30.0 red 1.98892e+30 345241.7898311921 24791619.969737034 -0.06799117112054397 -0.08662165104735622
1 498 planet 5.0 green 5.974e+24 34658871672.08745 -35845039496.10307 22636.257125053755 44598.890894058924
0 522 star 30.0 red 1.98892e+30 345239.9550005676 24791617.631951287 -0.06798816579909749 -0.08662476140384964
1 522 planet 5.0 green 5.974e+24 34659482541.074005 -35843835855.58873 22635.256565306292 44599.9264230574
0 549 star 30.0 red 1.98892e+30 345238.2692480766 24791615.483950168 -0.06798540442290117 -0.08662761914301488
1 549 planet 5.0 green 5.974e+24 34660043777.5729 -35842729941.14178 22634.337222094982 44600.87784833033
0 574 star 30.0 red 1.98892e+30 345236.60180986713 24791613.35913057 -0.06798267282616526 -0.08663044593057907
1 574 planet 5.0 green 5.974e+24 34660598916.709755 -35841635974.4872 22633.42779334038 44601.818968906526
0 598 star 30.0 red 1.98892e+30 345234.954587114 24791611.259920567 -0.06797997413096074 -0.08663323854014932
1 598 planet 5.0 green 5.974e+24 34661147325.52767 -35840555205.28319 22632.52931847159 44602.74871062505
0 622 star 30.0 red 1.98892e+30 345233.3271831768 24791609.18582013 -0.06797730769523377 -0.08663599764081471
1 622 planet 5.0 green 5.974e+24 34661689136.07984 -35839487375.64665 22631.64158373003 44603.66729624531
0 646 star 30.0 red 1.98892e+30 345231.73425051983 24791607.155511543 -0.06797469753685406 -0.08663869838573064
1 646 planet 5.0 green 5.974e+24 34662219470.13076 -35838442103.31547 22630.77258536971 44604.566453523206
0 670 star 30.0 red 1.98892e+30 345230.00485599 24791604.951105863 -0.0679718635470504 -0.08664163059989664
1 670 planet 5.0 green 5.974e+24 34662795236.34574 -35837307213.41433 22629.829066956536 44605.54267371052
0 695 star 30.0 red 1.98892e+30 345228.36863387114 24791602.865315102 -0.06796918202314313 -0.08664440492990877
1 695 planet 5.0 green 5.974e+24 34663339982.72951 -35836233401.95038 22628.936308916753 44606.46632962745
0 719 star 30.0 red 1.98892e+30 345226.69066500803 24791600.72615046 -0.06796643186296623 -0.0866472501417426
1 719 planet 5.0 green 5.974e+24 34663898627.83015 -35835132125.20233 22628.020699847613 44607.41358418395
0 744 star 30.0 red 1.98892e+30 345225.0901309127 24791598.685561135 -0.06796380840973185 -0.08664996414026996
1 744 planet 5.0 green 5.974e+24 34664431492.62305 -35834081608.25502 22627.147275239822 44608.317153978234
0 768 star 30.0 red 1.98892e+30 345223.34527434513 24791596.46079933 -0.06796094816536215 -0.08665292297032254
1 768 planet 5.0 green 5.974e+24 34665012406.60436 -35832936291.18571 22626.19501591077 44609.30223537565
0 793 star 30.0 red 1.98892e+30 345221.6741751998 24791594.329925604 -0.06795820860185091 -0.08665575682193281
1 793 planet 5.0 green 5.974e+24 34665568764.57426 -35831839320.78273 22625.282934782754 44610.24570778019
0 818 star 30.0 red 1.98892e+30 345220.02142951085 24791592.222302776 -0.06795549890955002 -0.08665855964351585
1 818 planet 5.0 green 5.974e+24 34666119012.13966 -35830754332.30193 22624.380798657698 44611.1788493776
0 842 star 30.0 red 1.98892e+30 345218.1968707142 24791589.895394035 -0.06795250727729508 -0.0866616539522813
1 842 planet 5.0 green 5.974e+24 34666726461.33314 -35829556472.18322 22623.384796444025 44612.20903561626
0 869 star 30.0 red 1.98892e+30 345216.49944584223 24791587.730462007 -0.0679497238635214 -0.08666453274962513
1 869 planet 5.0 green 5.974e+24 34667291583.910355 -35828442008.491875 22622.458116276168 44613.16747177513
0 894 star 30.0 red 1.98892e+30 345214.9035517623 24791585.694882553 -0.06794710673078426 -0.0866672394394611
1 894 planet 5.0 green 5.974e+24 34667822903.90591 -35827394144.47825 22621.586795947485 44614.06860829146
0 917 star 30.0 red 1.98892e+30 345213.1818776006 24791583.498704046 -0.06794428310341236 -0.08667015955998092
1 917 planet 5.0 green 5.974e+24 34668396099.78366 -35826263621.65184 22620.646727492094 44615.04080214889
0 943 star 30.0 red 1.98892e+30 345211.45920156076 24791581.301082063 -0.06794145759829316 -0.08667308148196443
1 943 planet 5.0 green 5.974e+24 34668969629.216064 -35825132369.24232 22619.706033879494 44616.013595766475
0 968 star 30.0 red 1.98892e+30 345209.71254790394 24791579.07270164 -0.06793859252582664 -0.0866760441789783
1 968 planet 5.0 green 5.974e+24 34669551141.50115 -35823985297.40513 22618.752167135248 44616.999964588846
0 994 star 30.0 red 1.98892e+30 345208.00678880635 24791576.896332204 -0.06793579430062868 -0.0866789376098509
1 994 planet 5.0 green 5.974e+24 34670119038.7868 -35822865011.73609 22617.820555809383 44617.963272679095
0 1019 star 30.0 red 1.98892e+30 345206.2647845188 24791574.67354843 -0.0679329363791335 -0.08668189262734875
1 1019 planet 5.0 green 5.974e+24 34670699003.160355 -35821720848.076 22616.869069833458 44618.9470847651
0 1045 star 30.0 red 1.98892e+30 345204.59213940066 24791572.53911032 -0.06793019202188398 -0.0866847300842958
1 1045 planet 5.0 green 5.974e+24 34671255875.82999 -35820622172.481255 22615.955392729218 44619.89175749211
0 1069 star 30.0 red 1.98892e+30 345202.8866795369 24791570.362635493 -0.0679273935965378 -0.0866876233083971
1 1069 planet 5.0 green 5.974e+24 34671823673.4919 -35819501872.21277 22615.02371476813 44620.85499674212
0 1094 star 30.0 red 1.98892e+30 345201.18128993636 24791568.186088026 -0.06792459505625627 -0.08669051651351806
1 1094 planet 5.0 green 5.974e+24 34672391447.761116 -35818381547.76029 22614.09199854169 44621.818229673016
0 1119 star 30.0 red 1.98892e+30 345199.3468569901 24791565.84465783 -0.06792158449908085 -0.08669362875907884
1 1119 planet 5.0 green 5.974e+24 34673002184.34892 -35817176369.246704 22613.089695666342 44622.85438759748
0 1146 star 30.0 red 1.98892e+30 345197.62115695997 24791563.64184571 -0.06791875214436588 -0.08669655663296283
1 1146 planet 5.0 green 5.974e+24 34673576720.55647 -35816042553.608185 22612.146721622197 44623.82916277748
0 1172 star 30.0 red 1.98892e+30 345195.8693280457 24791561.40550939 -0.06791587666362707 -0.0866995289439832
1 1172 planet 5.0 green 5.974e+24 34674159955.83671 -35814891496.57132 22611.189389658513 44624.81873238488
0 1198 star 30.0 red 1.98892e+30 345194.1163645048 24791559.167553045 -0.06791299907716519 -0.0867025032860762
1 1198 planet 5.0 green 5.974e+24 34674743568.86746 -35813739619.65256 22610.231356637796 44625.808978196
0 1223 star 30.0 red 1.98892e+30 345192.34647806693 24791556.907816794 -0.06791009346384748 -0.08670550645032306
1 1223 planet 5.0 green 5.974e+24 34675332816.02749 -35812576546.83573 22609.263992653887 44626.808819748374
0 1250 star 30.0 red 1.98892e+30 345190.6981213144 24791554.80309412 -0.06790738714196379 -0.0867083034939617
1 1250 planet 5.0 green 5.974e+24 34675881602.387085 -35811493270.925156 22608.362978639674 44627.74003769845
0 1274 star 30.0 red 1.98892e+30 345188.8805309573 24791552.48209907 -0.06790440271759102 -0.08671138782063495
1 1274 planet 5.0 green 5.974e+24 34676486731.582436 -35810298697.1844 22607.3693761416 44628.76690060554
0 1301 star 30.0 red 1.98892e+30 345187.1331936377 24791550.25064394 -0.06790153339956503 -0.08671435303723177
1 1301 planet 5.0 green 5.974e+24 34677068471.478935 -35809150221.87003 22606.414095925957 44629.754108271045
0 1326 star 30.0 red 1.98892e+30 345185.3622073815 24791547.98881242 -0.06789862500042722 -0.08671735849436507
1 1326 planet 5.0 green 5.974e+24 34677658084.800766 -35807986126.821 22605.44580446074 44630.75471319263
0 1352 star 30.0 red 1.98892e+30 345185.0272650984 24791547.56103151 -0.06789807491411416 -0.08671792690981914
1 1352 planet 5.0 green 5.974e+24 34677769596.92091 -35807765961.66484 22605.262664576283 44630.94395538629
0 1357 star 30.0 red 1.98892e+30 345184.6026377001 24791547.018696666 -0.0678973775223079 -0.08671864753231139
1 1357 planet 5.0 green 5.974e+24 34677910967.84911 -35807486840.08191 22605.03048236816 44631.18387177184
0 1364 star 30.0 red 1.98892e+30 345183.83043466526 24791546.032404292 -0.06789610924889998 -0.0867199580373828
1 1364 planet 5.0 green 5.974e+24 34678168056.911736 -35806979231.13446 22604.608236913446 44631.62017738728
0 1375 star 30.0 red 1.98892e+30 345181.5978308234 24791543.180543832 -0.06789244213342087 -0.08672374718071346
1 1375 planet 5.0 green 5.974e+24 34678911356.281204 -35805511504.53612 22603.387346501877 44632.881694453434
0 1408 star 30.0 red 1.98892e+30 345178.0953384144 24791538.705880314 -0.06788668839270003 -0.08672969201339908
1 1408 planet 5.0 green 5.974e+24 34680077438.839294 -35803208648.627365 22601.471757282845 44634.86090379811
0 1459 star 30.0 red 1.98892e+30 345173.54283906636 24791532.888604935 -0.06787920829137055 -0.08673741978562693
1 1459 planet 5.0 green 5.974e+24 34681593099.53621 -35800214920.60722 22598.98141193028 44637.4337060645
0 1527 star 30.0 red 1.98892e+30 345168.8446040919 24791526.88387055 -0.06787148701022318 -0.08674539570816364
1 1527 planet 5.0 green 5.974e+24 34683157279.90202 -35797124821.40317 22596.41077073516 44640.08912485454
0 1596 star 30.0 red 1.98892e+30 345163.28018260916 24791519.77034464 -0.06786233993280467 -0.08675484320743411
1 1596 planet 5.0 green 5.974e+24 34685009839.18818 -35793464267.21042 22593.3654400992 44643.23447474557
0 1678 star 30.0 red 1.98892e+30 345154.4787295415 24791508.514276203 -0.06784786663199283 -0.08676978953588804
1 1678 planet 5.0 green 5.974e+24 34687940101.330025 -35787672351.42608 22588.546853314685 44648.21054632049
0 1807 star 30.0 red 1.98892e+30 345141.32196051825 24791491.678543374 -0.06782621985787961 -0.08679213828381369
1 1807 planet 5.0 green 5.974e+24 34692320376.02799 -35779010154.29429 22581.34000665093 44655.65110067675
0 2001 star 30.0 red 1.98892e+30 345116.4187273457 24791459.776909813 -0.06778520888038572 -0.08683446360237985
1 2001 planet 5.0 green 5.974e+24 34700611393.52406 -35762599184.553795 22567.686248137852 44669.74244192258
0 2369 star 30.0 red 1.98892e+30 345078.19241282984 24791410.72580041 -0.06772216079702377 -0.08689948691864585
1 2369 planet 5.0 green 5.974e+24 34713338055.97249 -35737372772.200455 22546.69569005947 44691.39061302866
0 2933 star 30.0 red 1.98892e+30 345015.8613657924 24791330.52429733 -0.06761910411153027 -0.08700565840633999
1 2933 planet 5.0 green 5.974e+24 34734089891.60585 -35696143825.73094 22512.385093656434 44726.73821853663
0 3855 star 30.0 red 1.98892e+30 344920.0639722969 24791206.738831233 -0.06746010214202551 -0.08716917947389878
1 3855 planet 5.0 green 5.974e+24 34765983656.565865 -35632551863.8576 22459.448669621048 44781.17918299746
0 5275 star 30.0 red 1.98892e+30 344777.22921239835 24791020.999166574 -0.06722163474786415 -0.0874137633214504
1 5275 planet 5.0 green 5.974e+24 34813537541.84497 -35537226305.161514 22380.05587256791 44862.60832696672
0 7400 star 30.0 red 1.98892e+30 344488.2175371893 24790640.269289166 -0.06673390249594507 -0.08791198659302872
1 7400 planet 5.0 green 5.974e+24 34909758014.0674 -35342216626.74388 22217.675485810814 45028.48148219062
0 11731 star 30.0 red 1.98892e+30 344178.8420823263 24790226.941061255 -0.06620388521756619 -0.0884489513553324
1 11731 planet 5.0 green 5.974e+24 35012758186.42865 -35130959925.4574 22041.21717223309 45207.25281714894
0 16404 star 30.0 red 1.98892e+30 343872.4732304825 24789811.80889867 -0.06567070559733981 -0.08898431374168392
1 16404 planet 5.0 green 5.974e+24 35114757372.369255 -34919226237.78468 21863.7060222062 45385.490674106135
0 21069 star 30.0 red 1.98892e+30 343583.53459178074 24789414.973152224 -0.06516005224162245 -0.08949248908278762
1 21069 planet 5.0 green 5.974e+24 35210953528.594 -34717223538.98573 21693.694527018157 45554.67716547339
0 25503 star 30.0 red 1.98892e+30 343283.84533535596 24788997.484507978 -0.06462212459076241 -0.0900232577756229
1 25503 planet 5.0 green 5.974e+24 35310728881.10293 -34505141298.62902 21514.60261818847 45731.3856469856
0 30141 star 30.0 red 1.98892e+30 342983.56127576035 24788573.08135312 -0.06407441317764086 -0.09055886328084689
1 30141 planet 5.0 green 5.974e+24 35410702261.05118 -34289985954.366028 21332.25340764516 45909.70444535354
0 34827 star 30.0 red 1.98892e+30 342694.6100733332 24788158.893235438 -0.06353887796684404 -0.09107782921016701
1 34827 planet 5.0 green 5.974e+24 35506902600.109 -34080419946.482338 21153.958012355906 46082.483440355776
0 39375 star 30.0 red 1.98892e+30 342397.6863329144 24787726.964593768 -0.0629795797404334 -0.0916150533866423
1 39375 planet 5.0 green 5.974e+24 35605757231.14243 -33862316070.507664 20967.751211473307 46261.34114190838
0 44090 star 30.0 red 1.98892e+30 342113.2008179498 24787307.157268632 -0.06243490397535001 -0.09213344319543075
1 44090 planet 5.0 green 5.974e+24 35700470811.72889 -33650739225.32094 20786.41265729024 46433.9283294704
0 48646 star 30.0 red 1.98892e+30 341827.04885527794 24786878.66143304 -0.06187803146665459 -0.09265873471749055
1 48646 planet 5.0 green 5.974e+24 35795739201.684906 -33435199023.2899 20601.01344905547 46608.813300018635
0 53271 star 30.0 red 1.98892e+30 341552.847758344 24786462.164215393 -0.0613356762056199 -0.09316570490692973
1 53271 planet 5.0 green 5.974e+24 35887028797.55264 -33226079802.13114 20420.44745880152 46777.59856101284
0 57741 star 30.0 red 1.98892e+30 341268.3250275643 24786023.437142428 -0.06076351170167354 -0.09369584482405748
1 57741 planet 5.0 green 5.974e+24 35981754768.37661 -33006219104.05613 20229.95709636613 46954.0977046308
0 62424 star 30.0 red 1.98892e+30 340995.0025984297 24785595.738555398 -0.06020458581015443 -0.09420893984153449
1 62424 planet 5.0 green 5.974e+24 36072751829.935776 -32792276959.815464 20043.874256700885 47124.9221007072
0 66963 star 30.0 red 1.98892e+30 340713.75162394444 24785148.803992234 -0.05961956627537711 -0.09474116439278117
1 66963 planet 5.0 green 5.974e+24 36166388537.02872 -32569132665.93835 19849.104077070937 47302.11528022939
0 71681 star 30.0 red 1.98892e+30 340444.45071715006 24784714.387262322 -0.05904971710504917 -0.09525472941142038
1 71681 planet 5.0 green 5.974e+24 36256046715.72665 -32352627854.920746 19659.38455717662 47473.09615349217
0 76241 star 30.0 red 1.98892e+30 340173.2004458853 24784270.036343426 -0.058465776828688094 -0.09577620526137665
1 76241 planet 5.0 green 5.974e+24 36346353895.09122 -32131572325.967472 19464.973694361073 47646.71077476687
0 80881 star 30.0 red 1.98892e+30 339906.3777725697 24783826.140602905 -0.05788126396772453 -0.09629334048660147
1 80881 planet 5.0 green 5.974e+24 36435186997.10173 -31911135511.095085 19270.37220131995 47818.880274625284
0 85491 star 30.0 red 1.98892e+30 339640.9935469006 24783377.675623983 -0.05728957682383865 -0.09681196686790525
1 85491 planet 5.0 green 5.974e+24 36523541197.65712 -31688822831.55624 19073.38217885301 47991.54622412356
0 90123 star 30.0 red 1.98892e+30 339377.9365618245 24782926.056323502 -0.056692527739771105 -0.09733039292949584
1 90123 planet 5.0 green 5.974e+24 36611120591.48998 -31465338090.194283 18874.607009070016 48164.145481307816
0 94763 star 30.0 red 1.98892e+30 339125.50805304176 24782485.92343851 -0.056109375173326995 -0.09783198137638384
1 94763 planet 5.0 green 5.974e+24 36695161453.50675 -31247902816.5273 18680.458398013434 48331.13900219574
0 99262 star 30.0 red 1.98892e+30 338884.7528072125 24782059.7770441 -0.055543511143481133 -0.09831423163968171
1 99262 planet 5.0 green 5.974e+24 36775315943.55274 -31037713911.734215 18492.065648391566 48491.69427398657
0 103597 star 30.0 red 1.98892e+30 338628.930097938 24781599.506421946 -0.054931357119605555 -0.09883129605199055
1 103597 planet 5.0 green 5.974e+24 36860486834.56886 -30811079870.70578 18288.261600656948 48663.84019814614
0 108254 star 30.0 red 1.98892e+30 338369.35056013364 24781124.500295382 -0.05429834101583044 -0.09936085433741917
1 108254 planet 5.0 green 5.974e+24 36946908484.105156 -30577593870.769333 18077.511954001373 48840.14569949443
0 113034 star 30.0 red 1.98892e+30 338112.88875606435 24780647.098715164 -0.05366071634170943 -0.09988899076045064
1 113034 planet 5.0 green 5.974e+24 37032292148.542625 -30343330764.399857 17865.227978967432 49015.97782110403
0 117814 star 30.0 red 1.98892e+30 337864.70750426955 24780177.217034057 -0.05303165354805114 -0.10040485468122164
1 117814 planet 5.0 green 5.974e+24 37114918974.00625 -30113138603.397915 17655.79450532116 49187.72406638355
0 122494 star 30.0 red 1.98892e+30 337621.46412382484 24779708.791357733 -0.05240311534240808 -0.1009152425887774
1 122494 planet 5.0 green 5.974e+24 37195901837.11876 -29884031595.658142 17446.535682427355 49357.64718608489
0 127135 star 30.0 red 1.98892e+30 337369.55492537364 24779214.850892752 -0.05173902131204227 -0.1014492380654279
1 127135 planet 5.0 green 5.974e+24 37279769805.47891 -29642851338.680237 17225.43928154433 49535.429958669374
0 132004 star 30.0 red 1.98892e+30 337131.10285334283 24778739.04642967 -0.051097650784543674 -0.10195965205551363
1 132004 planet 5.0 green 5.974e+24 37359157501.34492 -29410896516.467987 17011.90820194063 49705.36176201074
0 136671 star 30.0 red 1.98892e+30 336904.7408557457 24778279.617198482 -0.05047680737411184 -0.10244882555812654
1 136671 planet 5.0 green 5.974e+24 37434520056.46057 -29187263705.043816 16805.211202296156 49868.22198343974
0 141155 star 30.0 red 1.98892e+30 336676.7272229886 24777808.63623838 -0.0498389926631838 -0.10294654899017125
1 141155 planet 5.0 green 5.974e+24 37510432489.413895 -28958358238.849056 16592.86395842957 50033.92872740733
0 145730 star 30.0 red 1.98892e+30 336457.5408952128 24777347.983850792 -0.04921364784895227 -0.10342973767403837
1 145730 planet 5.0 green 5.974e+24 37583406053.36433 -28734802099.78683 16384.668309296434 50194.796426958215
0 150184 star 30.0 red 1.98892e+30 336240.0118973673 24776882.68795506 -0.048580584079763026 -0.10391417516041991
1 150184 planet 5.0 green 5.974e+24 37655827843.520805 -28509322974.71474 16173.902793425013 50356.0798895317
0 154662 star 30.0 red 1.98892e+30 336027.01544099493 24776418.94913557 -0.04794816369972507 -0.1043934026384693
1 154662 planet 5.0 green 5.974e+24 37726740617.542915 -28284921264.765812 15963.351480692325 50515.62878736263
0 159104 star 30.0 red 1.98892e+30 335815.78155538574 24775950.681039337 -0.04730810938500476 -0.1048736960655148
1 159104 planet 5.0 green 5.974e+24 37797066580.00791 -28058651608.475918 15750.258606967262 50675.53257091123
0 163569 star 30.0 red 1.98892e+30 335601.2586593841 24775466.08528445 -0.04664427804708559 -0.10536693076896689
1 163569 planet 5.0 green 5.974e+24 37868487550.59973 -27824833233.287933 15529.249664112525 50839.74488533873
0 168168 star 30.0 red 1.98892e+30 335384.46648693754 24774966.677847613 -0.04595857194509347 -0.10587122383953447
1 168168 planet 5.0 green 5.974e+24 37940664029.94731 -27584223998.25934 15300.957970042527 51007.638854858866
0 172885 star 30.0 red 1.98892e+30 335151.46144100913 24774418.12904649 -0.04520382186356791 -0.10642045192910474
1 172885 planet 5.0 green 5.974e+24 38018238250.89607 -27320360398.158302 15049.679508015775 51190.49301152243
0 178040 star 30.0 red 1.98892e+30 334907.8727037556 24773831.006855465 -0.04439400872314588 -0.1070029261766434
1 178040 planet 5.0 green 5.974e+24 38099336093.4301 -27038415484.489273 14780.068937000011 51384.415790299565
0 183527 star 30.0 red 1.98892e+30 334674.22735934966 24773254.510995485 -0.04359635742761572 -0.10756952864250717
1 183527 planet 5.0 green 5.974e+24 38177123488.541565 -26762020740.40284 14514.507401227354 51573.05438695269
0 188886 star 30.0 red 1.98892e+30 334409.67458456365 24772583.470740754 -0.04266589524385835 -0.10822238865536979
1 188886 planet 5.0 green 5.974e+24 38265200874.68609 -26440890789.480694 14204.729221361484 51790.410653571824
0 195087 star 30.0 red 1.98892e+30 334116.1582323365 24771814.61540672 -0.041596959426690464 -0.10896171164582956
1 195087 planet 5.0 green 5.974e+24 38362921086.14769 -26073710605.523598 13848.849103269493 52036.5529840347
0 202143 star 30.0 red 1.98892e+30 333811.0705255031 24770986.69347793 -0.040441784715935285 -0.10974758948311977
1 202143 planet 5.0 green 5.974e+24 38464493741.2992 -25679179641.273483 13464.257525479872 52298.19478988392
0 209687 star 30.0 red 1.98892e+30 333503.4475721999 24770119.675594117 -0.03922708565401906 -0.11055932083958168
1 209687 planet 5.0 green 5.974e+24 38566910454.43675 -25266932345.26486 13059.848543520313 52568.44399133926
0 217529 star 30.0 red 1.98892e+30 333211.12292710016 24769263.585045006 -0.03802196159670621 -0.11134963311255401
1 217529 planet 5.0 green 5.974e+24 38664233911.60646 -24860746893.296936 12658.627361720735 52831.562151024584
0 225217 star 30.0 red 1.98892e+30 332930.25873894204 24768408.081313867 -0.036812049456743275 -0.11212837730447354
1 225217 planet 5.0 green 5.974e+24 38757741846.17484 -24455680813.204334 12255.812086626145 53090.82895688207
0 232847 star 30.0 red 1.98892e+30 332637.95798100665 24767477.726492256 -0.03549089932227874 -0.11296285901223219
1 232847 planet 5.0 green 5.974e+24 38855057350.60618 -24016140033.744545 11815.962417151888 53368.652418247206
0 241083 star 30.0 red 1.98892e+30 332231.4126105343 24766092.930868767 -0.03352119066842433 -0.11418159325683341
1 241083 planet 5.0 green 5.974e+24 38990408240.837166 -23363963458.330044 11160.188574529842 53774.40483099784
0 253211 star 30.0 red 1.98892e+30 331680.2362147497 24763999.60974995 -0.03053581063840019 -0.11597241423684618
1 253211 planet 5.0 green 5.974e+24 39173911045.842834 -22382564809.11194 10166.267910098037 54370.62171475528
0 271261 star 30.0 red 1.98892e+30 331173.18096806796 24761819.365486745 -0.027389971463015566 -0.11777183757072945
1 271261 planet 5.0 green 5.974e+24 39342724624.8904 -21364941401.337868 9118.92568500497 54969.70257468617
0 289773 star 30.0 red 1.98892e+30 330709.01762176625 24759507.452005126 -0.024013621282617283 -0.11960749427566614
1 289773 planet 5.0 green 5.974e+24 39497258230.97114 -20290609819.32489 7994.8395784101 55580.84658767289
0 309102 star 30.0 red 1.98892e+30 330309.64163810795 24757143.917236652 -0.02051466240333136 -0.12140719481825617
1 309102 planet 5.0 green 5.974e+24 39630222221.83449 -19196906681.350197 6829.933436095176 56180.01973852126
0 328570 star 30.0 red 1.98892e+30 329953.6902593642 24754488.572421957 -0.016533588477584113 -0.12333813282923539
1 328570 planet 5.0 green 5.974e+24 39748728886.75097 -17973567626.126774 5504.517039644354 56822.88569580227
0 350099 star 30.0 red 1.98892e+30 329659.22574510955 24751344.57890903 -0.011754455182799809 -0.12550215409241808
1 350099 planet 5.0 green 5.974e+24 39846764769.19009 -16532031212.435041 3913.4032477691617 57543.351911197205
0 375151 star 30.0 red 1.98892e+30 329486.3560716991 24747934.871153403 -0.006474104254844616 -0.1276962179251703
1 375151 planet 5.0 green 5.974e+24 39904318159.01926 -14976020393.584162 2155.4193897797677 58273.82018006857
0 401852 star 30.0 red 1.98892e+30 329455.0268423659 24744621.018432617 -0.0012258945539156156 -0.12966913292643986
1 401852 planet 5.0 green 5.974e+24 39914748579.308075 -13469975519.411121 408.13628995189583 58930.661509885285
0 427409 star 30.0 red 1.98892e+30 329561.9187079134 24741270.386286415 0.004195175154347506 -0.13150194974251292
1 427409 planet 5.0 green 5.974e+24 39879161138.862015 -11952891399.708845 -1396.6969815845432 59540.86004048857
0 452888 star 30.0 red 1.98892e+30 329826.7115866966 24737748.040793832 0.0100171332947025 -0.13325057860821318
1 452888 planet 5.0 green 5.974e+24 39791003815.04724 -10363599362.943056 -3334.9977824742073 60123.02993060718
0 479322 star 30.0 red 1.98892e+30 330235.2315483704 24734281.553379472 0.01588386940908513 -0.1347822348077351
1 479322 planet 5.0 green 5.974e+24 39654995525.4302 -8804169781.585972 -5288.206485624172 60632.96324971551
0 505041 star 30.0 red 1.98892e+30 330821.19023641566 24730675.655705158 0.02212803769892034 -0.13617246625671112
1 505041 planet 5.0 green 5.974e+24 39459912674.10329 -7186329898.977847 -7367.073441603257 61095.812117056885
0 531522 star 30.0 red 1.98892e+30 331536.21685976814 24727205.342790004 0.028289088820039082 -0.13729837055553026
1 531522 planet 5.0 green 5.974e+24 39221859317.605415 -5632615750.880853 -9418.268251749807 61470.658715317244
0 556797 star 30.0 red 1.98892e+30 332424.4912207047 24723668.84075004 0.03471860179765061 -0.1382257683906829
1 556797 planet 5.0 green 5.974e+24 38926126702.6148 -4051991272.0075026 -11558.841896113903 61779.416683561605
0 582382 star 30.0 red 1.98892e+30 333467.0830757047 24720158.715322036 0.04125986694730091 -0.13891083786356495
1 582382 planet 5.0 green 5.974e+24 38579017263.002045 -2485129439.798202 -13736.621119656334 62007.49642510907
0 607651 star 30.0 red 1.98892e+30 334703.6892215233 24716576.239676286 0.048103201895441886 -0.13935605112078608
1 607651 planet 5.0 green 5.974e+24 38167314769.60708 -887270180.0076876 -16014.968248055487 62155.720990149624
0 633359 star 30.0 red 1.98892e+30 336128.6900256501 24712972.225249745 0.05516709598370914 -0.13952484042098504
1 633359 planet 5.0 green 5.974e+24 37692890163.08819 719702755.7356296 -18366.745989943083 62211.91590393464
0 659189 star 30.0 red 1.98892e+30 337744.7117374476 24709363.928366378 0.06242801696125126 -0.13939096077213814
1 659189 planet 5.0 green 5.974e+24 37154869087.92442 2328976630.685414 -20784.119768090568 62167.34343805172
0 685076 star 30.0 red 1.98892e+30 339576.9789358341 24705724.94805709 0.06995001503442667 -0.13892445794424568
1 685076 planet 5.0 green 5.974e+24 36544853541.18608 3953316670.6244493 -23288.41377674474 62012.03094986091
0 711269 star 30.0 red 1.98892e+30 341484.3877663393 24702311.758596987 0.07720024852368661 -0.13814504282676693
1 711269 planet 5.0 green 5.974e+24 35909821138.914825 5479054525.480837 -25702.229376252417 61752.54077318602
0 735977 star 30.0 red 1.98892e+30 343643.3750027817 24698824.32292763 0.08480698118874015 -0.13698964320666696
1 735977 planet 5.0 green 5.974e+24 35191030898.82359 7041336964.022047 -28234.734018398096 61367.87431647205
0 761434 star 30.0 red 1.98892e+30 345974.3980524025 24695409.23864686 0.09246266745404434 -0.13546318309962863
1 761434 planet 5.0 green 5.974e+24 34414964885.45703 8575635071.943342 -30783.536751372452 60859.670929111715
0 786645 star 30.0 red 1.98892e+30 348493.58397915144 24692051.779975742 0.1001991207494407 -0.13354092019434308
1 786645 planet 5.0 green 5.974e+24 33576253925.726604 10089666356.952312 -33359.22920002992 60219.693169222104
0 811787 star 30.0 red 1.98892e+30 351190.25523951254 24688774.37435363 0.10796331609267888 -0.13121346466859513
1 811787 planet 5.0 green 5.974e+24 32678452887.36749 11574458874.364828 -35944.15779093606 59444.814889297326
0 836764 star 30.0 red 1.98892e+30 354102.82453043974 24685544.975803576 0.11583210117320387 -0.12843231601165433
1 836764 planet 5.0 green 5.974e+24 31708773055.745293 13045901737.4722 -38563.907376198484 58518.88884531295
0 861909 star 30.0 red 1.98892e+30 357246.8979716209 24682366.49112605 0.1238037240916664 -0.1251587303566749
1 861909 planet 5.0 green 5.974e+24 30662018695.411495 14504347721.165033 -41217.89469708708 57429.01606645428
0 887305 star 30.0 red 1.98892e+30 360395.89175228984 24679450.44364774 0.13132258840015643 -0.12160802129881935
1 887305 planet 5.0 green 5.974e+24 29613626209.598286 15853095715.591759 -43721.1453834684 56246.880770279175
0 911284 star 30.0 red 1.98892e+30 363869.55382150155 24676517.762286015 0.13911022546987892 -0.1174454962319484
1 911284 planet 5.0 green 5.974e+24 28457142118.085636 17223007679.85708 -46313.87841338344 54861.05396144071
0 936254 star 30.0 red 1.98892e+30 367581.9466893496 24673669.042955097 0.1469097105116948 -0.11273174664752822
1 936254 planet 5.0 green 5.974e+24 27221177534.43642 18569683520.531322 -48910.55598107149 53291.70832644824
0 961524 star 30.0 red 1.98892e+30 371633.6912043953 24670861.12653382 0.1548565014748614 -0.1073177520986201
1 961524 planet 5.0 green 5.974e+24 25872232823.87988 19916874020.203293 -51556.2760149619 51489.23058319174
0 987689 star 30.0 red 1.98892e+30 375775.8443511825 24668272.711477563 0.16242485091422978 -0.10149864447740677
1 987689 planet 5.0 green 5.974e+24 24493188425.36832 21180544385.674862 -54076.001754323894 49551.87880381718
0 1013191 star 30.0 red 1.98892e+30 380165.2739443242 24665816.10546612 0.16986838316209202 -0.0950692299249837
1 1013191 planet 5.0 green 5.974e+24 23031818437.689823 22405661890.639915 -56554.17218593055 47411.337928088135
0 1039031 star 30.0 red 1.98892e+30 384602.5069184305 24663600.104253426 0.17682554226313013 -0.08830855138252668
1 1039031 planet 5.0 green 5.974e+24 21554533300.95403 23538912774.597614 -58870.414716770305 45160.50954397972
0 1064125 star 30.0 red 1.98892e+30 389385.50850319245 24661496.833615325 0.18371891455182554 -0.0807883066298026
1 1064125 planet 5.0 green 5.974e+24 19962131641.7701 24649454598.739796 -61165.42074496449 42656.79926718227
0 1090159 star 30.0 red 1.98892e+30 393977.28051567136 24659722.455896065 0.1897648934927571 -0.07332999068685327
1 1090159 planet 5.0 green 5.974e+24 18433395921.80699 25621544323.182228 -63178.30464774279 40173.70690942352
0 1114356 star 30.0 red 1.98892e+30 399180.4241278498 24658004.81588487 0.1959819315561819 -0.06469673570501554
1 1114356 planet 5.0 green 5.974e+24 16701116646.089886 26611810906.714916 -65248.13915479114 37299.44284874781
0 1140905 star 30.0 red 1.98892e+30 404250.2680808185 24656593.221315 0.20139763567230515 -0.0560750609953612
1 1140905 planet 5.0 green 5.974e+24 15013216740.67667 27478503458.82068 -67051.18606316742 34429.03420068525
0 1166079 star 30.0 red 1.98892e+30 409505.93981443386 24655396.891357675 0.20637333273733532 -0.04697603139246546
1 1166079 planet 5.0 green 5.974e+24 13263449311.07804 28278153849.862995 -68707.74170538031 31399.700093254483
0 1191545 star 30.0 red 1.98892e+30 414982.91300492326 24654426.777687415 0.2108901544961248 -0.0373541032033585
1 1191545 planet 5.0 green 5.974e+24 11440004128.950783 29010432022.686844 -70211.5242853086 28196.277693877415
0 1217516 star 30.0 red 1.98892e+30 420212.1620609549 24653743.25772051 0.2145637778412606 -0.028045829287758388
1 1217516 planet 5.0 green 5.974e+24 9699033584.504438 29622091311.724487 -71434.58135655189 25097.280011216655
0 1241888 star 30.0 red 1.98892e+30 425885.8947896403 24653277.79668999 0.21789635053372497 -0.017875755647244855
1 1241888 planet 5.0 green 5.974e+24 7810081375.141029 30187426507.225704 -72544.09265208189 21711.363897207586
0 1267926 star 30.0 red 1.98892e+30 431513.01412119163 24653080.5443097 0.22052320899097339 -0.007730194673281957
1 1267926 planet 5.0 green 5.974e+24 5936648134.279127 30655247580.5565 -73418.65095854164 18333.6087695989
0 1293444 star 30.0 red 1.98892e+30 437457.9830757932 24653160.88492259 0.2226043291866605 0.0030082862291037297
1 1293444 planet 5.0 green 5.974e+24 3957393421.660081 31049393311.45596 -74111.51697454533 14758.45318935569
0 1320150 star 30.0 red 1.98892e+30 443268.1078054708 24653511.096117202 0.2239422521151742 0.01349834767524035
1 1320150 planet 5.0 green 5.974e+24 2023032310.6205 31341686910.87809 -74556.95079961722 11266.00373983275
0 1346095 star 30.0 red 1.98892e+30 448844.3909133369 24654095.29600759 0.2245900880889467 0.023529204365242647
1 1346095 planet 5.0 green 5.974e+24 166523941.20351815 31538490150.62155 -74772.63441611464 7926.437036136838
0 1370923 star 30.0 red 1.98892e+30 452096.07284775714 24654520.04267323 0.22462071459742577 0.029340784702572946
1 1370923 planet 5.0 green 5.974e+24 -916056445.9754405 31625226359.51455 -74782.83087999883 5991.591310572228
0 1385400 star 30.0 red 1.98892e+30 454262.8494746664 24654840.358936973 0.22450909491577142 0.03318935305408488
1 1385400 planet 5.0 green 5.974e+24 -1637440002.8539715 31670686193.056107 -74745.66941075947 4710.2899102225265
0 1395051 star 30.0 red 1.98892e+30 455497.5678934873 24655034.985675637 0.22439616877271845 0.035371218109982505
1 1395051 planet 5.0 green 5.974e+24 -2048514016.5066743 31692607127.40746 -74708.07298216206 3983.8829723290037
0 1400553 star 30.0 red 1.98892e+30 456232.543773254 24655155.12368679 0.22431240995696006 0.03666575672880281
1 1400553 planet 5.0 green 5.974e+24 -2293209066.1862144 31704248439.189236 -74680.18721319015 3552.893057741779
0 1403830 star 30.0 red 1.98892e+30 456450.7314781106 24655191.16576144 0.22428464655768013 0.03704921860436849
1 1403830 planet 5.0 green 5.974e+24 -2365850159.246721 31707580555.33518 -74670.94396242085 3425.227340709624
0 1404803 star 30.0 red 1.98892e+30 456483.8415671686 24655196.643854115 0.22428030348315897 0.037107368848011704
1 1404803 planet 5.0 green 5.974e+24 -2376873480.02497 31708083357.283253 -74669.49802539764 3405.8674172769374
0 1404950 star 30.0 red 1.98892e+30 456516.481043253 24655202.052528746 0.2242760026501471 0.03716468740952125
1 1404950 planet 5.0 green 5.974e+24 -2387740119.9268312 31708576244.91563 -74668.06615181311 3386.784385245204
0 1405096 star 30.0 red 1.98892e+30 456548.0988417499 24655207.299826473 0.2242718178359547 0.037220206842230236
1 1405096 planet 5.0 green 5.974e+24 -2398266613.3628006 31709051107.26048 -74666.67290429997 3368.300336014613
0 1405237 star 30.0 red 1.98892e+30 456580.46434007166 24655212.679516837 0.22426751560917746 0.0372770343489022
1 1405237 planet 5.0 green 5.974e+24 -2409042038.0233555 31709534478.10472 -74665.24056669002 3349.3807905559593
0 1405381 star 30.0 red 1.98892e+30 456612.51056033745 24655218.01427902 0.2242632371296053 0.03733329630632502
1 1405381 planet 5.0 green 5.974e+24 -2419711165.6448927 31710010413.12613 -74663.81613522187 3330.649533047187
0 1405524 star 30.0 red 1.98892e+30 456645.37410347967 24655223.49366349 0.22425883054959006 0.03739098819621765
1 1405524 planet 5.0 green 5.974e+24 -2430652404.0490527 31710495681.526188 -74662.34905535512 3311.442209035594
0 1405671 star 30.0 red 1.98892e+30 456677.0039655603 24655228.77528572 0.22425457066619287 0.037446509352590876
1 1405671 planet 5.0 green 5.974e+24 -2441182913.806227 31710960134.910442 -74660.93081509962 3292.9575859465685
0 1405812 star 30.0 red 1.98892e+30 456707.5296901587 24655233.879923817 0.2242504420983477 0.037500087718562544
1 1405812 planet 5.0 green 5.974e+24 -2451345823.777486 31711405955.2323 -74659.55629364689 3275.11977482364
0 1405948 star 30.0 red 1.98892e+30 456740.42253096576 24655239.38897817 0.22424597529214538 0.037557816093032756
1 1405948 planet 5.0 green 5.974e+24 -2462296816.234461 31711883537.094112 -74658.0691627142 3255.9003040249627
0 1406094 star 30.0 red 1.98892e+30 456772.70487138326 24655244.80404481 0.22424157227370248 0.037614467904669276
1 1406094 planet 5.0 green 5.974e+24 -2473044555.187124 31712349548.824398 -74656.60326859946 3237.0392526021124
0 1406238 star 30.0 red 1.98892e+30 456805.439776491 24655250.303520255 0.22423708850504423 0.03767190886456292
1 1406238 planet 5.0 green 5.974e+24 -2483942966.2127223 31712819311.245396 -74655.11049036717 3217.9154705546284
0 1406384 star 30.0 red 1.98892e+30 456840.2833555436 24655256.166878697 0.22423229537241743 0.03773304458626792
1 1406384 planet 5.0 green 5.974e+24 -2495543416.70642 31713316182.090805 -74653.51471578663 3197.561593819857
0 1406540 star 30.0 red 1.98892e+30 456872.96014624805 24655261.67408262 0.2242277798248618 0.037790372967939564
1 1406540 planet 5.0 green 5.974e+24 -2506422479.7408724 31713779382.377445 -74652.01135742635 3178.475292367838
0 1406686 star 30.0 red 1.98892e+30 456907.57562543557 24655267.51752423 0.22422297601877322 0.03785109723344078
1 1406686 planet 5.0 green 5.974e+24 -2517946989.0923333 31714266953.410114 -74650.412029337 3158.2584014838935
0 1406840 star 30.0 red 1.98892e+30 456940.8616837523 24655273.14533019 0.22421833598468213 0.03790948376895645
1 1406840 planet 5.0 green 5.974e+24 -2529028895.2033625 31714732923.058704 -74648.86722575407 3138.8198095492053
0 1406988 star 30.0 red 1.98892e+30 456973.2345319638 24655278.627044767 0.22421380387653594 0.03796626323655515
1 1406988 planet 5.0 green 5.974e+24 -2539806766.8580155 31715183388.523796 -74647.35835388697 3119.916257708493
0 1407133 star 30.0 red 1.98892e+30 457004.8538765513 24655283.989094555 0.22420935885608426 0.03802171615797826
1 1407133 planet 5.0 green 5.974e+24 -2550333775.0329375 31715620774.163628 -74645.8784760703 3101.454352037779
0 1407274 star 30.0 red 1.98892e+30 457036.9732211317 24655289.444114182 0.22420482528971095 0.038078041081455835
1 1407274 planet 5.0 green 5.974e+24 -2561027247.885764 31716062398.78908 -74644.36911871655 3082.7021312806614
0 1407417 star 30.0 red 1.98892e+30 457071.257931163 24655295.27621001 0.2241999662909854 0.038138157986199454
1 1407417 planet 5.0 green 5.974e+24 -2572441634.47355 31716530745.652954 -74642.75141537788 3062.6874486253755
0 1407570 star 30.0 red 1.98892e+30 457104.23442264827 24655300.894389406 0.22419527238979028 0.03819597547109338
1 1407570 planet 5.0 green 5.974e+24 -2583420476.6973214 31716978399.68445 -74641.18867785444 3043.438310350312
0 1407717 star 30.0 red 1.98892e+30 457136.24969756295 24655306.356933564 0.2241906963469636 0.03825210252171199
1 1407717 planet 5.0 green 5.974e+24 -2594079301.7029057 31717410345.64545 -74639.66517884225 3024.751967277604
0 1407860 star 30.0 red 1.98892e+30 457170.044193759 24655312.13210883 0.2241858465578319 0.038311343616457806
1 1407860 planet 5.0 green 5.974e+24 -2605330481.711979 31717863333.37055 -74638.05054164778 3005.0288674848603
0 1408011 star 30.0 red 1.98892e+30 457201.6969618589 24655317.54922568 0.22418128492349593 0.03836682504673842
1 1408011 planet 5.0 green 5.974e+24 -2615868617.5555234 31718285013.57931 -74636.53183964519 2986.5574703784464
0 1408152 star 30.0 red 1.98892e+30 457234.2821501241 24655323.134337373 0.22417657039485045 0.038423935871384665
1 1408152 planet 5.0 green 5.974e+24 -2626717183.448451 31718716360.91736 -74634.9622346379 2967.543600047779
0 1408297 star 30.0 red 1.98892e+30 457268.3381178219 24655328.980736986 0.22417162314684855 0.038483619149009045
1 1408297 planet 5.0 green 5.974e+24 -2638055414.997411 31719164169.006332 -74633.31515052408 2947.6732845920246
0 1408449 star 30.0 red 1.98892e+30 457301.2841237417 24655334.645195354 0.22416681701053112 0.03854135172348609
1 1408449 planet 5.0 green 5.974e+24 -2649024107.681363 31719594566.385853 -74631.71504663314 2928.452415487758
0 1408596 star 30.0 red 1.98892e+30 457333.66740127973 24655340.22121781 0.22416207382546227 0.03859809300199186
1 1408596 planet 5.0 green 5.974e+24 -2659805451.565033 31720014892.351276 -74630.13590106113 2909.5615779173377
0 1408740 star 30.0 red 1.98892e+30 457365.2756475622 24655345.671710633 0.2241574258019617 0.03865347128148905
1 1408740 planet 5.0 green 5.974e+24 -2670328764.788356 31720422567.339607 -74628.58843756921 2891.1245227352897
0 1408882 star 30.0 red 1.98892e+30 457398.26959751296 24655351.369784337 0.22415255530280653 0.03871127231832172
1 1408882 planet 5.0 green 5.974e+24 -2681313419.447899 31720845291.467148 -74626.96690539985 2871.880860502743
0 1409029 star 30.0 red 1.98892e+30 457430.1560274047 24655356.884650625 0.22414782943407668 0.038767127961131805
1 1409029 planet 5.0 green 5.974e+24 -2691929348.162375 31721251189.076878 -74625.39352494552 2853.2848770581786
0 1409171 star 30.0 red 1.98892e+30 457462.091697602 24655362.416120112 0.22414307801330688 0.038823064895966736
1 1409171 planet 5.0 green 5.974e+24 -2702561670.4202995 31721655068.715267 -74623.81163746688 2834.661829111763
0 1409313 star 30.0 red 1.98892e+30 457495.1386761743 24655368.148735207 0.22413814233279913 0.038880943237160466
1 1409313 planet 5.0 green 5.974e+24 -2713563979.8648925 31722070170.81408 -74622.16840451148 2815.3924299877203
0 1409461 star 30.0 red 1.98892e+30 457526.39986562025 24655373.579320952 0.2241334548604441 0.03893568884510143
1 1409461 planet 5.0 green 5.974e+24 -2723971747.677561 31722460307.73762 -74620.60780733766 2797.1660097423337
0 1409600 star 30.0 red 1.98892e+30 457559.885861429 24655379.405283816 0.22412841502781494 0.038994325577975865
1 1409600 planet 5.0 green 5.974e+24 -2735120218.849968 31722875302.772236 -74618.92989908309 2777.644119760978
0 1409750 star 30.0 red 1.98892e+30 457590.5837657163 24655384.753641266 0.22412377641595996 0.03904807500519416
1 1409750 planet 5.0 green 5.974e+24 -2745340452.494952 31723253301.58603 -74617.38556900431 2759.7493573265933
0 1409887 star 30.0 red 1.98892e+30 457622.5857478049 24655390.337323297 0.22411892315504595 0.03910410300284203
1 1409887 planet 5.0 green 5.974e+24 -2755994851.9284477 31723644703.18479 -74615.76977595156 2741.0959918960916
0 1410030 star 30.0 red 1.98892e+30 457654.18374773505 24655395.858436152 0.2241141130572618 0.03915941875367139
1 1410030 planet 5.0 green 5.974e+24 -2766514753.840247 31724028575.63938 -74614.16835317205 2722.6797543434436
0 1410171 star 30.0 red 1.98892e+30 457685.6646969996 24655401.36695564 0.22410930297253617 0.0392145247136376
1 1410171 planet 5.0 green 5.974e+24 -2776995686.148785 31724408457.153645 -74612.5669347401 2704.333362328713
0 1410311 star 30.0 red 1.98892e+30 457717.6202974398 24655406.966627076 0.2241044023590302 0.039270456611374474
1 1410311 planet 5.0 green 5.974e+24 -2787634643.769734 31724791419.462242 -74610.93537661919 2685.711991380133
0 1410454 star 30.0 red 1.98892e+30 457749.3020555582 24655412.52627198 0.22409952562732238 0.03932590422156684
1 1410454 planet 5.0 green 5.974e+24 -2798182431.241583 31725168498.475872 -74609.31176945007 2667.2518539740727
0 1410595 star 30.0 red 1.98892e+30 457782.9766150109 24655418.444614436 0.2240943230538878 0.039384834357848834
1 1410595 planet 5.0 green 5.974e+24 -2809393680.7873955 31725566357.06262 -74607.57968000321 2647.6322813838515
0 1410745 star 30.0 red 1.98892e+30 457815.47949295276 24655424.16541032 0.22408928192835909 0.03944170863518227
1 1410745 planet 5.0 green 5.974e+24 -2820214843.157031 31725947634.66033 -74605.90134130443 2628.6971645987805
0 1410890 star 30.0 red 1.98892e+30 457847.09435469634 24655429.73783381 0.22408436016064717 0.03949702395011249
1 1410890 planet 5.0 green 5.974e+24 -2830740358.8615913 31726315905.231064 -74604.26274032726 2610.2810721697524
0 1411031 star 30.0 red 1.98892e+30 457879.4375598642 24655435.44693072 0.2240793067221087 0.03955360861184432
1 1411031 planet 5.0 green 5.974e+24 -2841508361.4766626 31726689949.37509 -74602.58030226601 2591.44237692173
0 1411176 star 30.0 red 1.98892e+30 457911.6790163428 24655441.146311235 0.22407425054251504 0.03961001011925128
1 1411176 planet 5.0 green 5.974e+24 -2852242488.965694 31727060123.348408 -74600.896951627 2572.6646591259764
0 1411320 star 30.0 red 1.98892e+30 457944.2199863307 24655446.90703517 0.2240691286423012 0.03966693041599349
1 1411320 planet 5.0 green 5.974e+24 -2863076333.2958465 31727430992.545475 -74599.19172066393 2553.7142211285664
0 1411465 star 30.0 red 1.98892e+30 457975.7048166882 24655452.488652527 0.22406415467523821 0.03972199822593983
1 1411465 planet 5.0 green 5.974e+24 -2873558557.7341704 31727787256.696724 -74597.53574099019 2535.3805303755594
0 1411605 star 30.0 red 1.98892e+30 458007.60576322454 24655458.152109772 0.224059097027136 0.03977778888773256
1 1411605 planet 5.0 green 5.974e+24 -2884179319.465858 31728145592.959293 -74595.85190144157 2516.806181019549
0 1411748 star 30.0 red 1.98892e+30 458038.63342795183 24655463.66816629 0.22405416015665566 0.03983204736352129
1 1411748 planet 5.0 green 5.974e+24 -2894509340.0432687 31728491625.932495 -74594.20827230936 2498.7419413701155
0 1411886 star 30.0 red 1.98892e+30 458069.6162320047 24655469.183860824 0.22404921325896232 0.039886222631655976
1 1411886 planet 5.0 green 5.974e+24 -2904824425.185025 31728834672.035297 -74592.56130482355 2480.705403991737
0 1412024 star 30.0 red 1.98892e+30 458100.9468711611 24655474.769263774 0.22404419349320653 0.03994100131612564
1 1412024 planet 5.0 green 5.974e+24 -2915255314.845373 31729179026.844273 -74590.8900774203 2462.4679715988
0 1412164 star 30.0 red 1.98892e+30 458131.66508153983 24655480.25297129 0.22403925467439534 0.03999470443264974
1 1412164 planet 5.0 green 5.974e+24 -2925482308.9843802 31729514206.444176 -74589.24579963156 2444.5886273542214
0 1412301 star 30.0 red 1.98892e+30 458164.3790972424 24655486.101451218 0.2240339770331143 0.04005189181380688
1 1412301 planet 5.0 green 5.974e+24 -2936373765.313652 31729868391.36705 -74587.4887178946 2425.549269113333
0 1412447 star 30.0 red 1.98892e+30 458195.1954381525 24655491.618204594 0.22402898755752831 0.040105756791281665
1 1412447 planet 5.0 green 5.974e+24 -2946633429.98775 31730199571.351273 -74585.8275749782 2407.6160366059444
0 1412585 star 30.0 red 1.98892e+30 458227.28336990345 24655497.370765317 0.22402377455508962 0.04016183956699032
1 1412585 planet 5.0 green 5.974e+24 -2957316444.5873475 31730541750.59589 -74584.09201340968 2388.9444339506945
0 1412728 star 30.0 red 1.98892e+30 458257.7735476814 24655502.844262574 0.2240188036808559 0.04021512488805698
1 1412728 planet 5.0 green 5.974e+24 -2967467519.9783936 31730864484.384274 -74582.4370634296 2371.204186080607
0 1412864 star 30.0 red 1.98892e+30 458288.66943759605 24655508.39816331 0.22401374986415867 0.04026911456986018
1 1412864 planet 5.0 green 5.974e+24 -2977753668.8516817 31731189040.879745 -74580.7544994682 2353.2294358408976
0 1413002 star 30.0 red 1.98892e+30 458322.72174346214 24655514.528664645 0.22400816096600037 0.040328614897369885
1 1413002 planet 5.0 green 5.974e+24 -2989090681.269362 31731543752.65555 -74578.89379117811 2333.4200298498354
0 1413154 star 30.0 red 1.98892e+30 458354.41211274406 24655520.24190806 0.22400294050012684 0.04038398268956258
1 1413154 planet 5.0 green 5.974e+24 -2999641335.6503787 31731871260.749115 -74577.155744813 2314.9864661993674
0 1413296 star 30.0 red 1.98892e+30 458387.08029250085 24655526.139899664 0.22399754050396525 0.040441053740854854
1 1413296 planet 5.0 green 5.974e+24 -3010517531.8475356 31732206111.202797 -74575.35792754388 2295.9858375860053
0 1413442 star 30.0 red 1.98892e+30 458419.0527485304 24655531.920392346 0.22399223690386555 0.04049690412723191
1 1413442 planet 5.0 green 5.974e+24 -3021162101.189061 31732531184.08895 -74573.59220335401 2277.391604162327
0 1413584 star 30.0 red 1.98892e+30 458452.6919035625 24655538.01119388 0.22398663766657717 0.040555660651586285
1 1413584 planet 5.0 green 5.974e+24 -3032361563.563755 31732870273.458515 -74571.72805286395 2257.8298320801546
0 1413734 star 30.0 red 1.98892e+30 458485.52266290487 24655543.964175176 0.22398115332207658 0.040612999620656766
1 1413734 planet 5.0 green 5.974e+24 -3043291887.2783866 31733198423.98935 -74569.90215355626 2238.7400057722098
0 1413881 star 30.0 red 1.98892e+30 458518.5754837531 24655549.966087792 0.22397561256049464 0.04067072100207443
1 1413881 planet 5.0 green 5.974e+24 -3054296141.7881756 31733525966.30847 -74568.05747134576 2219.5228631660448
0 1414029 star 30.0 red 1.98892e+30 458552.36091085605 24655556.110086065 0.2239699291077464 0.040729716203571256
1 1414029 planet 5.0 green 5.974e+24 -3065544302.4298773 31733857814.16273 -74566.1652830565 2199.881628455454
0 1414179 star 30.0 red 1.98892e+30 458585.9363669623 24655562.224843316 0.2239642607889514 0.04078833906716489
1 1414179 planet 5.0 green 5.974e+24 -3076722557.5619397 31734184682.063313 -74564.27813330462 2180.364355964886
0 1414329 star 30.0 red 1.98892e+30 458617.4500815209 24655567.971994963 0.2239589217213233 0.04084335673188177
1 1414329 planet 5.0 green 5.974e+24 -3087214398.398874 31734488908.13675 -74562.50060093318 2162.0473600310575
0 1414470 star 30.0 red 1.98892e+30 458652.477729274 24655574.369715717 0.22395296766842276 0.040904503758851976
1 1414470 planet 5.0 green 5.974e+24 -3098876130.7673373 31734823881.831764 -74560.51832190824 2141.689719441571
0 1414627 star 30.0 red 1.98892e+30 458682.17853873986 24655579.801499795 0.22394790059638708 0.04095634640197204
1 1414627 planet 5.0 green 5.974e+24 -3108764402.2709928 31735105631.6673 -74558.83134485548 2124.4297814177435
0 1414759 star 30.0 red 1.98892e+30 458714.6884447888 24655585.75540579 0.22394233709977351 0.04101308758029431
1 1414759 planet 5.0 green 5.974e+24 -3119587904.503811 31735411294.612583 -74556.97909348544 2105.5389772013505
0 1414904 star 30.0 red 1.98892e+30 458746.81756264897 24655591.647763487 0.22393682019974628 0.041069158879984934
1 1414904 planet 5.0 green 5.974e+24 -3130284631.16843 31735710706.4312 -74555.14235548709 2086.871195249447
0 1415048 star 30.0 red 1.98892e+30 458779.65765797405 24655597.679068103 0.2239311624595684 0.041126465688287255
1 1415048 planet 5.0 green 5.974e+24 -3141218063.105819 31736013953.5905 -74553.25872766743 2067.7920762054814
0 1415194 star 30.0 red 1.98892e+30 458811.64493277395 24655603.561864354 0.22392563297995285 0.041182278974753704
1 1415194 planet 5.0 green 5.974e+24 -3151867566.0510926 31736306678.674 -74551.41780155478 2049.210194431319
0 1415337 star 30.0 red 1.98892e+30 458841.5469193634 24655609.068248216 0.22392044698751717 0.04123444882104934
1 1415337 planet 5.0 green 5.974e+24 -3161822815.325846 31736578007.589005 -74549.6912324093 2031.8413208634731
